Accuracy: 0.8828
F1 Score: 0.8841439304072756
Loss: 0.4989524483680725
